mixed3a 0 0.9 0.6317734600469909
mixed3a 1 1.0 0.8317347197111513
mixed3a 2 1.0 0.8100630201211608
mixed3a 3 1.0 0.8109748723929027
mixed3a 4 1.0 0.861321658983164
mixed3a 5 1.0 0.8406170367678897
mixed3a 6 1.0 0.6915297230082544
mixed3a 7 1.0 0.7986164836943097
mixed3a 8 1.0 0.8346836730861315
mixed3a 9 1.0 0.8211484590624523
mixed3a 10 1.0 0.879592946094317
mixed3a 11 1.0 0.804746153623556
mixed3a 12 1.0 0.9280967541072267
mixed3a 13 1.0 0.8492021395213202
mixed3a 14 1.0 0.8550083499471972
mixed3a 15 1.0 0.7404132712486818
mixed3a 16 0.95 0.7068164609571981
mixed3a 17 0.95 0.7232251735124489
mixed3a 18 1.0 0.8535785801941435
mixed3a 19 1.0 0.754847217923052
mixed3a 20 1.0 0.8145353800020849
mixed3a 21 1.0 0.7296433573533807
mixed3a 22 1.0 0.8531390936086882
mixed3a 23 0.95 0.7267176140513844
mixed3a 24 0.8 0.602112105679643
mixed3a 25 0.95 0.7423147159855528
mixed3a 26 0.95 0.7747948955631672
mixed3a 27 0.6 0.5362832800007313
mixed3a 28 0.85 0.6389624532604585
mixed3a 29 0.9 0.615122443644913
mixed3a 30 1.0 0.8752935447535144
mixed3a 31 1.0 0.9166020585595014
mixed3a 32 1.0 0.9134838114987988
mixed3a 33 1.0 0.7626873922049933
mixed3a 34 1.0 0.886999427446854
mixed3a 35 1.0 0.8999184029595151
mixed3a 36 1.0 0.8860382796668349
mixed3a 37 1.0 0.8991211169751478
mixed3a 38 1.0 0.8706112214268579
mixed3a 39 1.0 0.9036033094634408
mixed3a 40 1.0 0.8634350212018495
mixed3a 41 1.0 0.8845139532462815
mixed3a 42 1.0 0.7727172508200203
mixed3a 43 1.0 0.7980393245176065
mixed3a 44 1.0 0.8643450830229928
mixed3a 45 1.0 0.8760066959654443
mixed3a 46 0.75 0.575577283834734
mixed3a 47 0.9 0.7005478293896953
mixed3a 48 1.0 0.7671536719359041
mixed3a 49 1.0 0.7225371170479502
mixed3a 50 1.0 0.8269911183808947
mixed3a 51 1.0 0.8995715451873219
mixed3a 52 1.0 0.8587237662378726
mixed3a 53 1.0 0.9279221271951842
mixed3a 54 1.0 0.7746306904599558
mixed3a 55 1.0 0.7613845423256796
mixed3a 56 1.0 0.785967189735753
mixed3a 57 0.8 0.5866252604838845
mixed3a 58 1.0 0.7688358790966936
mixed3a 59 1.0 0.7119044295339483
mixed3a 60 1.0 0.8062106082656042
mixed3a 61 1.0 0.8303852788395533
mixed3a 62 1.0 0.9493397504886035
mixed3a 63 0.8 0.5438201192238136
mixed3a 64 0.95 0.6244638065251202
mixed3a 65 0.95 0.6451164884930487
mixed3a 66 0.6 0.5275156623094414
mixed3a 67 0.9 0.6666771247108528
mixed3a 68 1.0 0.8032407199141623
mixed3a 69 1.0 0.7111899297054205
mixed3a 70 0.95 0.7431548323981587
mixed3a 71 1.0 0.8023379351978509
mixed3a 72 1.0 0.7089184669824349
mixed3a 73 1.0 0.8115174754324815
mixed3a 74 1.0 0.8322167270912331
mixed3a 75 0.9 0.6464162424461308
mixed3a 76 1.0 0.8635081155455515
mixed3a 77 0.95 0.7069453866090346
mixed3a 78 1.0 0.7033970297660945
mixed3a 79 1.0 0.7935431729184715
mixed3a 80 0.95 0.793056666256143
mixed3a 81 0.95 0.8685137171318058
mixed3a 82 0.8 0.5712354090586439
mixed3a 83 1.0 0.7564068319498436
mixed3a 84 1.0 0.7068411383012921
mixed3a 85 1.0 0.8247060084238589
mixed3a 86 1.0 0.6941233334606465
mixed3a 87 0.95 0.7386769110596003
mixed3a 88 1.0 0.8561444884588228
mixed3a 89 1.0 0.6751633123340197
mixed3a 90 0.95 0.7798460228882768
mixed3a 91 1.0 0.7847061049907329
mixed3a 92 1.0 0.7233924013216494
mixed3a 93 1.0 0.8415223803922889
mixed3a 94 1.0 0.7785325112976963
mixed3a 95 1.0 0.6900765147326939
mixed3a 96 1.0 0.8609535004375216
mixed3a 97 1.0 0.8002038886451259
mixed3a 98 1.0 0.8314876124465066
mixed3a 99 1.0 0.8834838055363449
mixed3a 100 1.0 0.7217560342925208
mixed3a 101 1.0 0.7944030549037442
mixed3a 102 1.0 0.7900119650478434
mixed3a 103 1.0 0.863112582532773
mixed3a 104 1.0 0.7085334991203291
mixed3a 105 1.0 0.7627658682509502
mixed3a 106 1.0 0.7018307377631606
mixed3a 107 1.0 0.8155332602927257
mixed3a 108 1.0 0.8223661227055302
mixed3a 109 0.9 0.6617772316249407
mixed3a 110 1.0 0.8198197539527203
mixed3a 111 1.0 0.8405601689341407
mixed3a 112 1.0 0.7523943595849922
mixed3a 113 1.0 0.7287438807554627
mixed3a 114 1.0 0.8190851493497482
mixed3a 115 1.0 0.7977324573035849
mixed3a 116 0.95 0.6999411139740295
mixed3a 117 0.9 0.6757776395713605
mixed3a 118 1.0 0.7744574549660836
mixed3a 119 0.95 0.7348492119405585
mixed3a 120 1.0 0.8553286428123694
mixed3a 121 1.0 0.8577698063456569
mixed3a 122 0.95 0.7535412980443469
mixed3a 123 0.85 0.6740630985503657
mixed3a 124 1.0 0.8098146553674772
mixed3a 125 0.85 0.6892478138920038
mixed3a 126 0.95 0.7237040328178428
mixed3a 127 0.95 0.7191848186101846
mixed3a 128 1.0 0.7665707331931588
mixed3a 129 0.75 0.5299265554063388
mixed3a 130 0.95 0.788950892288433
mixed3a 131 1.0 0.7512376666831535
mixed3a 132 1.0 0.708854748960883
mixed3a 133 1.0 0.6613099532976463
mixed3a 134 0.95 0.6645176900922485
mixed3a 135 1.0 0.7140116769902847
mixed3a 136 0.95 0.6923465181930066
mixed3a 137 1.0 0.8920161428089546
mixed3a 138 1.0 0.7372235899869808
mixed3a 139 1.0 0.6985587028367444
mixed3a 140 1.0 0.8162564621259307
mixed3a 141 1.0 0.7714521599275712
mixed3a 142 1.0 0.6894745075165767
mixed3a 143 1.0 0.7571121644672498
mixed3a 144 1.0 0.7731191981852876
mixed3a 145 1.0 0.846686531320984
mixed3a 146 1.0 0.7397915673175055
mixed3a 147 1.0 0.8408750606723222
mixed3a 148 1.0 0.808206518147777
mixed3a 149 0.85 0.5997610882352702
mixed3a 150 0.95 0.7145405525777236
mixed3a 151 0.9 0.7028776593555365
mixed3a 152 1.0 0.7310645010095089
mixed3a 153 1.0 0.729024166642294
mixed3a 154 0.95 0.7445106383576696
mixed3a 155 1.0 0.8094862672935154
mixed3a 156 0.95 0.7485633124773876
mixed3a 157 1.0 0.7698007052367826
mixed3a 158 1.0 0.8965094065863616
mixed3a 159 1.0 0.7599758281410185
mixed3a 160 1.0 0.7234346079447127
mixed3a 161 1.0 0.7069541891442552
mixed3a 162 1.0 0.7444140096168883
mixed3a 163 0.95 0.7779582295004953
mixed3a 164 1.0 0.7681827278955609
mixed3a 165 1.0 0.7567655596710468
mixed3a 166 1.0 0.8039436384183503
mixed3a 167 1.0 0.8755249211765683
mixed3a 168 1.0 0.8516270977221112
mixed3a 169 1.0 0.7744878865776691
mixed3a 170 1.0 0.8186699725234329
mixed3a 171 1.0 0.745339493124565
mixed3a 172 1.0 0.8152734584353963
mixed3a 173 1.0 0.7479980240355727
mixed3a 174 1.0 0.7345981988145418
mixed3a 175 1.0 0.8548426172765001
mixed3a 176 1.0 0.7044255410529148
mixed3a 177 1.0 0.7623291273644653
mixed3a 178 0.95 0.724189790081534
mixed3a 179 0.9 0.6277284385463477
mixed3a 180 1.0 0.8074142964952749
mixed3a 181 1.0 0.7802212793637436
mixed3a 182 0.95 0.6463559154549827
mixed3a 183 1.0 0.8484902194843048
mixed3a 184 1.0 0.7540978581103752
mixed3a 185 1.0 0.7765439434243919
mixed3a 186 1.0 0.7457514576644029
mixed3a 187 1.0 0.7007533178188614
mixed3a 188 1.0 0.7703885416208556
mixed3a 189 0.95 0.6600974022869331
mixed3a 190 0.95 0.6276908467046074
mixed3a 191 1.0 0.7535164898833594
mixed3a 192 1.0 0.8222709450875273
mixed3a 193 1.0 0.8300035505157428
mixed3a 194 1.0 0.8870848908489182
mixed3a 195 0.9 0.6846227490534339
mixed3a 196 1.0 0.7582408407526493
mixed3a 197 1.0 0.758840986238602
mixed3a 198 1.0 0.8961483859820394
mixed3a 199 1.0 0.7368714914010679
mixed3a 200 1.0 0.9000335372331797
mixed3a 201 1.0 0.8041715933047741
mixed3a 202 1.0 0.7674757134470935
mixed3a 203 0.9 0.6577935426666656
mixed3a 204 1.0 0.9038989806076918
mixed3a 205 0.95 0.7036184872799477
mixed3a 206 1.0 0.8006159316706816
mixed3a 207 1.0 0.7857491594797403
mixed3a 208 1.0 0.6860091826406267
mixed3a 209 1.0 0.7806997641630692
mixed3a 210 1.0 0.8291268501897298
mixed3a 211 0.95 0.711290870788419
mixed3a 212 1.0 0.6964635571838429
mixed3a 213 1.0 0.9386186525976615
mixed3a 214 1.0 0.7737717808030824
mixed3a 215 1.0 0.9457390462810595
mixed3a 216 0.9 0.6046142340103191
mixed3a 217 1.0 0.7839750023018199
mixed3a 218 1.0 0.8641001288198277
mixed3a 219 1.0 0.8756085617794813
mixed3a 220 1.0 0.8704917741649361
mixed3a 221 1.0 0.8947580594685783
mixed3a 222 1.0 0.7424319113348992
mixed3a 223 1.0 0.8602873061638683
mixed3a 224 1.0 0.8262796373639212
mixed3a 225 1.0 0.7902082038183942
mixed3a 226 1.0 0.7907179368742789
mixed3a 227 0.85 0.588621972943745
mixed3a 228 1.0 0.8510208214836791
mixed3a 229 1.0 0.7980357379117007
mixed3a 230 0.9 0.7488037350496591
mixed3a 231 1.0 0.821744604094064
mixed3a 232 1.0 0.8539419902239154
mixed3a 233 1.0 0.8027094463751974
mixed3a 234 1.0 0.8585509251222984
mixed3a 235 1.0 0.8219274273472428
mixed3a 236 1.0 0.8602937688871627
mixed3a 237 0.95 0.7012755857831718
mixed3a 238 1.0 0.8834509266509916
mixed3a 239 1.0 0.8406946216357122
mixed3a 240 0.6 0.5483004290670273
mixed3a 241 1.0 0.7406346474826073
mixed3a 242 1.0 0.6510229411104576
mixed3a 243 0.95 0.7088965202571607
mixed3a 244 1.0 0.7338601332023245
mixed3a 245 0.95 0.601931054053001
mixed3a 246 0.9 0.7609015614304105
mixed3a 247 1.0 0.7740280423303841
mixed3a 248 1.0 0.8154728422342616
mixed3a 249 0.95 0.639924338933668
mixed3a 250 1.0 0.8706664188381794
mixed3a 251 1.0 0.8348692705346519
mixed3a 252 1.0 0.7659885331605977
mixed3a 253 1.0 0.8700339449216565
mixed3a 254 1.0 0.7258041004546484
mixed3a 255 1.0 0.8848173790675574
